Mixture	B cells naive	B cells memory	Plasma cells	T cells CD8	T cells CD4 naive	T cells CD4 memory resting	T cells CD4 memory activated	T cells follicular helper	T cells regulatory (Tregs)	T cells gamma delta	NK cells resting	NK cells activated	Monocytes	Macrophages M0	Macrophages M1	Macrophages M2	Dendritic cells resting	Dendritic cells activated	Mast cells resting	Mast cells activated	Eosinophils	Neutrophils	P-value	Correlation	RMSE
GSM3612340	0.0281585932973993	0.00225152577030617	0.0208196762746346	0.0537159009365551	0	0.0890440310068739	0	0.0605767361327051	0.0404886857700436	0.0121285370649293	0	0.0296645256304584	0	0.18968850636054	0.0496592617552652	0.247137180466575	0.010694790130569	0	0.0922750312790069	0.0710642096241484	0	0.00263280849998944	0	0.885984747868318	0.629346042502803
GSM3612341	0.0320592918700337	0	0.0525044404803787	0.0637536776120018	0	0.030873049332699	0.0156239416598951	0.0940465402963434	0.0233554097784041	0.0127741774958638	0	0.0312660885830802	0	0.167755544269464	0.0439861330128192	0.239145658548403	0.00323576813073934	0	0.0408697511316215	0.137495174648389	0	0.0112553531498637	0	0.893516734987285	0.620343115224524
GSM3612342	0.0523432326071583	0	0.0585262891150129	0.0646721348536851	0	0.0707643411681309	0	0.0623016998259145	0.0164754985537647	0	0.0165915193472796	0.0171611173729089	0	0.161078317220395	0.0351237604511341	0.215401733034045	0.00139136145133161	0	0.159366952649003	0.0620537022996944	0	0.00674834005054188	0	0.861208052828837	0.66247452967152
GSM3612343	0.0555007471805873	0	0.020888455885881	0.030587462408327	0	0.0892689007747965	0	0.0596571885047917	0	0	0.0316580777142343	0.0348787203518557	0.0292039089248443	0.0231683040357643	0.0261667362891531	0.291448313236857	0.00599695269378468	0	0	0.269906848243498	0.0029641869843506	0.0287051967712752	0	0.725476781499575	0.717936862653858
GSM3612344	0.0493417296881166	0	0.0531767537575056	0.0348704150611451	0	0.151962986676021	0.00428377898851103	0.0747571983115755	0.0318746616600645	0	0.0380502147990878	0	0.0045259677983138	0.154384511855483	0.0402400803715154	0.186316002925622	0.0089271252830112	0	0	0.16146420547903	0	0.00582436734499735	0	0.717792381050681	0.746647771014594
GSM3612345	0.0525838762247431	0	0.0873269691848746	0.0364340288513926	0.0212008193600303	0.0635993390643482	0.0018930993763436	0.0442747899724669	0.0121611935040263	0	0	0.0424851600687091	0.000110561976286329	0.221752977667917	0.0411014811325953	0.214954347880927	0	0	0.018741068772666	0.133517072883841	0	0.00786321407883296	0	0.857858700870016	0.641392593545089
GSM3612346	0.0397463873706927	0	0.082970000159459	0.075892637744251	0	0.132227327734485	0.017068556760314	0.0572008398603488	0	0	0.0237414260794693	0	0	0.170783318892968	0.0280985687297452	0.24748615150299	0.00458879035144735	0	0.0598773985947512	0.0542505186429305	0	0.00606807757614804	0	0.785296206090543	0.716708271396746
GSM3612347	0.0340774309909167	0	0.0865028494918889	0.0639766997156647	0	0.069059856039016	0	0.0965757871952728	0.00420377142813499	0	0.00017432706829049	0.00801498827851173	0	0.231363810864261	0.0373458993892296	0.203989845834125	0.00677191408624565	0	0	0.153707193336439	0	0.00423562628200322	0	0.835443114054235	0.655886431736578
GSM3612348	0.0474336099680501	0	0.0928027660244523	0.0682921170647468	0	0.0966241143262772	0	0.100669650326421	0.00159162994617091	0	0.000853981965339348	0.0381976098082439	0.0203682440018317	0.00237554980549077	0.0525224107601084	0.350665148431487	0.0108775845158696	0	0.0844454402164591	0.0273696230963774	0	0.0049105197426744	0	0.745127599843795	0.749838569689885
GSM3612349	0.0602501717892147	0	0.135217305308242	0.0456489987963903	0	0.102994251670395	0	0.061619163889815	0	0.00952427886028797	0	0.0422522745509793	0	0.0134216127476432	0.0219420279267451	0.2807612847541	0.00851543849519422	0	0.0393415823525309	0.168763725370134	0	0.0097478834883276	0	0.732067492361382	0.743981359262089
GSM3612350	0.0342755852428255	0.00179927861845788	0.0670831371390755	0.0574345523529736	0	0.14817171908143	0.00214925760876216	0.029403060126755	0.0167313404084176	0	0.0435934592240414	0	0.0138816801196907	0.03432336444354	0.0167638394704223	0.347739817933401	0.0116419698335623	0.00501497893813159	0	0.146468838450512	0.00596799369999807	0.0175561273080043	0	0.639095019091246	0.793940464201781
GSM3612351	0.0521916445563827	0	0.10062883415956	0.0720223540022881	0	0.0516446181410548	0	0.123189901726993	0.00126026035864964	0	0	0.0349719115629228	0.0328640143539951	0.036185822527451	0.0386616246327683	0.268110902715122	0.0166861093389634	0	0	0.160085853023581	0.000882642586585753	0.0106135063136824	0	0.72966515322071	0.747941885676142
GSM3612352	0.044828883682777	0.0858711464089248	0.0377850060204077	0.0511749064947443	0.035968479601973	0.1144952222968	0.0226053077567006	0.08230616301433	0	0	0.0309575409289152	0	0.0183231023646167	0.116330805940878	0.0913595174594718	0.160330838846597	0	0	0	0.107663079182864	0	0	0	0.842105821686498	0.683618887701569
GSM3612353	0.0709462937160666	0.0539297298192715	0.0541689141616598	0.0357936480001675	0.0456892669960714	0.147693715721669	0.0524017918447396	0.0361077718081576	0	0	0.024421799771444	0.00971987064663253	0.0209720857231519	0.114235135491729	0.0702016396478025	0.121370123472874	0	0	0	0.142348213178563	0	0	0	0.846275573026644	0.681445984978574
GSM3612354	0.028497597132613	0	0.0560825733293721	0.0401959501036184	0	0.11501959852014	0.000591896796569487	0.0643489832137348	0.0120549297206948	0.0026255348391676	0.00101210757437831	0	0	0.22036670931478	0.01906132563046	0.301498617437796	0.00848533244520849	0	0.0391315155750719	0.091027328366396	0	0	0	0.877611457060582	0.620576382362303
GSM3612355	0.0375813678096893	0	0.0744773939002052	0.0128599123998742	0	0.0627130627820041	0	0.0571320840650947	0.0126430911521187	0	0	0.0375341974057575	0	0.18786744065346	0.0458859299931653	0.242034730095678	0.00405897602691384	0	0	0.22369205169552	0	0.00151976202051922	0	0.724064054220331	0.718666645699805
GSM3612356	0.0318159370465645	0	0.0335338005606024	0.0651660085267787	0	0.117680218566024	0	0.0860260099035974	0	0.0287925595193285	0	0.0423074684250759	0	0.0797369310838578	0.0539816454946361	0.29699885601391	0.00838561627525539	0	0.00946464331851283	0.140962331356417	0	0.00514797390943938	0	0.819815663910436	0.675231175040065
GSM3612357	0.0338531852816511	0	0.0166219496292404	0.0502379454437756	0	0.110765270935307	0	0.0811225785490082	0	0.0230893192331871	0	0.0476965556863956	0.00270569998305506	0.0530597758699853	0.0288102500494037	0.232851316759942	0.0100337632291292	0	0	0.239014978088702	0.018167206486067	0.0519702047751506	0	0.815168039712736	0.658827552695644
GSM3612358	0.0350748755297372	0	0.0366102447278622	0.0763703038905792	0	0.054923812282109	0	0.0758999520470369	0.0110716780445699	0	0	0.0727677181373766	0.0014341801515014	0.040756556045725	0.0111787731150136	0.297973658472438	0.00153714657614486	0.0501127438965073	0	0.182990780434323	0	0.0512975766490757	0	0.744726525935359	0.718954842783084
GSM3612359	0.0541150452987856	0	0.0744838553793704	0.00891599108636438	0	0.0673978400896076	0.00271720002866591	0.0694217478180883	0.0107939907347034	0.00839882285267454	0	0.0191529411106374	0	0.241401499191466	0.0203407698194505	0.224011550840323	0.00854429789194801	0.0180565136193122	0.0859117367665564	0.0823673017730914	0	0.00396889569895527	0	0.833053673057022	0.663112387485882
GSM3612360	0.0419710228152892	0.00061520149488319	0.038760453997545	0.0567019156543739	0	0.211641887268649	0	0.0574835548984853	0.0160652726451099	0.00213554237078413	0	0.0660438296665819	0.000310328001106901	0.0782500629617643	0.0410537880895424	0.256095643752477	0.00728867617971294	0	0	0.114900980642413	0	0.0106818395612813	0	0.838215252847456	0.669698069108953
GSM3612361	0.0372059231775752	0	0.0531585349706188	0.0209181141247215	0	0.115985797907968	0	0.0839719554763615	0.0191456941565717	0.0262937815114956	0	0.0329392813499449	0	0.200843102457442	0.0286734988984332	0.176428503343251	0.00488910321624612	0	0	0.19805649474616	0	0.00149021466320964	0	0.841060532522202	0.644074350125538
GSM3612362	0.0206158310445084	0.00938216665718652	0.0567727596810317	0.0896589508808663	0	0.09788926878995	0	0.0716798655771435	0.019743173656724	0	0	0.0293181718169544	0.00394934778084934	0.132628521550673	0.0240592587150489	0.220101163346436	0.0177901654166037	0	0.082677100492849	0.118048368495361	0	0.00568588609781438	0	0.760086457065333	0.722770692753752
GSM3612363	0.0842057096126053	0	0.0935427377233954	0.061853166990916	0	0.110352309927442	0	0.0722525274782053	0.00138574360497521	0	0	0.0528963135652802	0.00715321725501534	0.0181835010688413	0.0331883630536234	0.211283484755066	0.0310317590839616	0	0.0896346163454704	0.133036549535203	0	0	0	0.767040099365759	0.728143825175631
GSM3612364	0.0436766719741777	0	0.0354814566990972	0.0698266787226611	0	0.100466620798075	0	0.0598802070286328	0.0162729317688256	0	0	0.040654146318707	0.00225250442477639	0.156391426189994	0.0315225941880366	0.239982231353591	0.00698875787589222	0	0.100215506353749	0.093327959741434	0	0.00306030656234998	0	0.843089379060708	0.664604119590738
GSM3612365	0.0245114844854994	0.00408080459925087	0.00795102893471488	0.0269909949757407	0	0.0425282922951021	0.0288709012785778	0.0176344969914174	0	0.0138841687444805	0	0.0162872958097909	0	0.494544839260919	0.0196015313458474	0.166519204659277	0	0	0	0.129361173950612	0	0.00723378266877042	0	0.925518894270191	0.469641767479843
GSM3612366	0.0323425434738413	0.0380192619772122	0.124924117895601	0.0414142836643053	0	0.135059140228675	0.0100770334838834	0.0790141585068587	0	0.03194059597371	0	0.0147462458654761	0	0.151703005486717	0.0568325228328391	0.157304245876985	0	0.000309386540363759	0	0.120070668970388	0.00624278922314454	0	0	0.649780329076883	0.795354928890868
GSM3612367	0.0294010441501518	0.0422089180628656	0.135618200005263	0.0335483851418999	0.0115151007534526	0.029880733670353	0.0233238887413602	0.092458817650642	0	0.0350200940356906	0	0.0203497971939868	0	0.159520833235453	0.0431534898891798	0.173810945205737	0	0	0	0.170189752263965	0	0	0	0.609143991787276	0.810783794167572
GSM3612368	0.0917468331613839	0	0.0821870372625746	0.0221713142074002	0	0.0667180052454043	0	0.0657431310382142	0.0173349175012311	0.000284068213126453	0.0113518018064258	0	0	0.213067311297986	0.0191693290155114	0.174903620431592	0.00041699837056728	0	0.0984025632602785	0.134523031319664	0	0.00198003786864	0	0.732642611923335	0.731431715987734
GSM3612369	0.0523200161799596	0	0.0363251372328864	0.0365069830088806	0	0.0752247273949597	0	0.0600826303055001	0.000956474358128943	0.00766747388552747	0	0.0367964671897267	0	0.173540954382845	0.023861449125621	0.208472972673242	0.00227108237677055	0	0	0.285973631885952	0	0	0	0.865606660321961	0.589441139510195
GSM3612370	0.0389725314918305	0.00273181889339061	0.0767300674253214	0.0590603492188584	0	0.102303803179316	0	0.0716120922839747	0.0286506805515002	0.0204272564587084	0	0.0539137510154875	0	0.0430135487285282	0.0924220860252287	0.276995590234895	0.00766735001908848	0	0	0.117034050595229	0	0.00846502387864282	0	0.808951713998745	0.692585694941729
GSM3612371	0.0296878183362559	0.0125402950623701	0.106341912612918	0.104949770683426	0	0.0109820899007206	0.0421278810405231	0.10726307957313	0.00143609435605883	0	0	0.0765012181504999	0.00763720962300873	0.0312286295076699	0.085148069519793	0.22319623002195	0.0176639580488729	0	0	0.132485362531748	0.00895543028184889	0.00185495074920701	0	0.840421047614143	0.675276719233012
GSM3612372	0.0274421965585626	0.0130515490272857	0.153635727976349	0.0540992295211872	0	0.0611326721981762	0	0.0517216435051072	0.0135571721661593	0	0.0625730992840099	0	0.0232210780993859	0.0996932610139678	0.0125322842757359	0.281782199064576	0.0175972620882667	0.000179769035923905	0	0.0858180514579665	0.0259364826338256	0.0160263220935146	0.08	0.141675553418924	1.02308358386982
GSM3612373	0.0681988930980186	0	0.0364254030013703	0.0260858766199134	0.00151659662086908	0.0353736864602935	0	0.0844081241912789	0.00232932612986601	0.00164066718118755	0.0066614450303615	0.0186189810777399	0	0.167036417715718	0.0276618864398092	0.325592550313907	0.00433249026279093	0	0	0.187354753193191	0	0.00676290266368539	0	0.3000398759552	0.976096986039417
GSM3612374	0.0362887553716773	0	0.156837705000215	0.0480732297306652	0	0.14785475347369	0	0.0618034076643805	0	0	0.00890650582982986	0.00471764149965901	0.00519792333665032	0.0981221034281983	0.0211649089387892	0.232366858942958	0.0238315233800299	0	0.0982907248527576	0.0551425152741732	0	0.00140144327632754	0	0.72443311775413	0.768378075781154
GSM3612375	0.0441947117765983	0	0.149072001512092	0.0287462866866489	0	0.133923383723707	0.00190764444107214	0.0399720919028726	0	0	0	0.031918058899781	0.0136077300991021	0.0426389416947257	0.0221634187023192	0.225348502119542	0.0264709100957596	0	0.168721712384874	0.0713146059609053	0	0	0	0.713478000787209	0.767732376819786
GSM3612376	0.0915326976856086	0	0.150241430631857	0.0352804631163377	0	0.0609690920312004	0	0.0725135268028453	0.0100503026213279	0.0221132872169686	0	0.0145210000514672	0	0.11831154805144	0.0144028425033809	0.17685870382388	0.00232182601380053	0	0.130925341016721	0.0992646252209134	0	0.000693313212251817	0	0.281779664271957	0.967500161685665
GSM3612377	0.111171863403297	0.119188225913466	0.0136812536906797	0.0308518838053812	0	0.0296851304318416	0	0.0871366581796734	0.000781816904797046	0.000453471066447403	0	0.0343841046288729	0	0.185427764426307	0.0144327189063765	0.196362170906487	0	0	0.0463215130127682	0.130121424723606	0	0	0	0.582436426497534	0.821005687136349
GSM3612378	0.0600889407963661	0	0.124493513646106	0.0336350611698262	0	0.126088154334014	0	0.0505919313101941	0	0.0124285588926413	0	0.01559801194243	0.000907316907555436	0.039368667798141	0.0241501322084246	0.266618345734499	0.031680754408064	0	0.164057584777946	0.0469368967873282	0	0.00335612928646401	0	0.717856027271224	0.768092622276115
GSM3612379	0.0253609095030407	0	0.0532207072856247	0.0374979538956008	0	0.0578107762325632	0	0.0311672922235316	0	0	0.0266300607382917	0	0	0.325976845340135	0.0242494062369103	0.250485734373082	0	0	0.0336337397388835	0.133966574432336	0	0	0	0.874169929961361	0.582861526350077
GSM3612380	0.0489176196010524	0	0.0626118609098371	0.0254536807250503	0	0.117288404135156	0	0.0483843991796004	0.0197613607617527	0	0	0.00870963333675576	0	0.124299253661435	0.0307109696221811	0.264190809105734	0.00638289128254346	0	0.128464483275725	0.100888631416001	0	0.0139360029871761	0	0.785547873151975	0.70539508193571
GSM3612381	0.0859268568833835	0	0.0754946271516625	0.0538294656889693	0	0.131219190551333	0	0.0850758475817072	0	0.00576578957985905	0	0.0249736634475511	0.00108756804120561	0.105838490019495	0.0337478163981463	0.163394351916936	0	0	0.141706231617754	0.0900845112471354	0	0.00185558987486186	0	0.812221595273447	0.703233534798333
GSM3612382	0.026033461287934	0	0.168520805970721	0.0239970236023848	0	0.0980942052280898	0	0.0357617423793302	0.0189641357227287	0	0	0.0364780989680297	0.0663625687249795	0	0.0115259136941748	0.383536785963636	0.00325635166507855	0	0.0540705037213548	0.0683504357751687	0	0.00504796729638945	0	0.475926024146371	0.881755088666839
GSM3612383	0.0232234450293264	0.0366947878007989	0.03382459997144	0.0715114125751843	0	0.121454938733226	0	0.091209357049797	0	0	0	0.06216321914185	0.015980426333255	0.0175464702818522	0.0304009146749777	0.220144803797466	0.00997711037247802	0	0	0.258445572475661	0.00742294176268664	0	0	0.71787022687887	0.727962874627311
GSM3612384	0.0387676350967591	0	0.0455723534718771	0.0944020765740405	0	0.0142676537691577	0	0.106011752271624	0.0185328147178733	0.0236418209901769	0	0.032035517503437	0	0.176684165141672	0.0179385934844156	0.272033530707481	0	0.000598578250343455	0	0.156681347917424	0	0.00283216010371729	0	0.733125206837942	0.723808811736559
GSM3612385	0.0681707633008575	0	0.0844872526487547	0.0570557514729059	0	0.180865177744306	0.00339838759402497	0.110736330931516	0	0	0.02756506476617	0	0	0.132505795451039	0.0129778193237202	0.19191166235694	0	0	0.00698395526804074	0.123342039141725	0	0	0	0.637081956438969	0.799386644331755
GSM3612386	0.0578149134911319	0	0.100270437778436	0.0269068668099963	0	0.0853379707278378	0	0.0524881478067665	0.0237463766585878	0.0112527341772926	0	0.0222062038165793	0	0.171597647687362	0.0353899523336693	0.274443096815055	0	0.00176972281547023	0	0.134020656970374	0	0.00275527211144161	0	0.843298428850896	0.661529309855706
GSM3612387	0.0404389241737111	0	0.0977510860556226	0.0351809691277997	0	0.0813855931684016	0	0.06207307154073	0.0199443519176905	0.0142745703773514	0	0.0215845937710363	0	0.191541891705282	0.0389477195201153	0.259379977605765	0	0	0	0.13309664400445	0	0.00440060703204524	0	0.869024309999601	0.639396648657895
GSM3612388	0.0568890414174751	0.00955569749673313	0.0914281026281494	0.0812205253636332	0	0.101423621141175	0	0.0324113080904558	0.00189775961694708	0	0	0.0392240440677031	0.0193314799527433	0	0.0345906261892922	0.256598367817366	0.0110937404317681	0	0.213798000803074	0.0410380840864456	0	0.00949960089703867	0	0.778769016033362	0.726686005260279
GSM3612389	0.0307606567764047	0.031929837056376	0.073546436250127	0.10421942886727	0.0429303855234948	0.0537247614040233	0.0221350994565486	0.0682073518791663	0	0.00519150424780618	0	0.084915349481448	0.0183156216675133	0.0327070997267584	0.0232335327288978	0.184332965918339	0.0104299992803029	0	0.0138156030587198	0.190086990301558	0	0.00951737637524652	0	0.814240112123766	0.677515309491158
GSM3612390	0.0863689065317783	0.0263440505928418	0.020590787473985	0.0895120421929444	0	0.161422355365561	0	0.0795968633232166	0	0.0298614959936107	0	0.048210861143091	0	0.0877215659133761	0.0986487114680766	0.149004848400226	0	0	0.054734940686695	0.0679825709145977	0	0	0	0.868150591902648	0.654696457163666
GSM3612391	0.053174996757318	0.00108329769141717	0.0628759016518136	0.164997983680614	0	0.188083457604239	0.0133514965184843	0.0496167470423153	0	0.0214136747057093	0	0.0739255110744499	0.0074155409761263	0.0599079934618596	0.0764764752231522	0.0969778544915644	0.0119799766467833	0	0.0162643279399594	0.102454764534193	0	0	0	0.832792262761994	0.66339472116478
GSM3612392	0.0439425675696139	0	0.0461533173635481	0.0604196942869936	0	0.116057327492859	0.00273691393395861	0.0803708169014884	0.00735805562588332	0.0295194996533867	0	0.00917620851340726	0	0.118401764331887	0.0294856839155549	0.158615164059621	0.0352307200196583	0	0.117504019891452	0.144030632538673	0	0.00099761390201523	0	0.842016856333627	0.665976506238333
GSM3612393	0.0305280327161015	0.0164835289688722	0.0381816876241939	0.0580801601184945	0	0.106402707096585	0.000761360470194615	0.0609956474700256	0.00578676831218637	0.00366739299563468	0	0	0	0.180647078382409	0.0176889820914383	0.184085788072126	0.00814798717579897	0	0.122734363549325	0.165808514956613	0	0	0	0.887540099798661	0.607222620655491
GSM3612394	0.0679915352719516	0	0.0812499269144642	0.0275685804477118	0	0.159555418460705	0.00658903665091457	0.0445363583792454	0.0144498319050172	0.00016383456930508	0.0142008557589383	0	0	0.0758683376156878	0.0202191759659835	0.15624653165327	0.0242150684942625	0	0.243134931282373	0.0632366321017718	0	0.000773944528398542	0	0.807941359970118	0.700206970896536
GSM3612395	0.0959404023704301	0.00870337399039248	0.0577462114392892	0.0921872881115868	0	0.0849661233314517	0	0.0708388411537618	0.00251285197409845	0	0	0.0374505580982966	0	0.166219894150263	0.0274789901827219	0.1563645012664	0.000235952521285401	0	0.0095249986449181	0.189830012765104	0	0	0	0.853341376760765	0.647514250570417
GSM3612396	0.0624371300166319	0.0739252719296323	0.0263594910190466	0.0991645956282959	0	0.137349338427602	0.024835351714321	0.0579518285199277	0	0.0466186977026596	0	0.0039443401105119	0	0.0507142334790962	0.0297722553647709	0.189895987956696	0.0275606518890907	0	0.0617259775111819	0.106381431116159	0.00136341761437686	0	0	0.745939367490324	0.744263764689246
GSM3612397	0.0683138947591893	0	0.0731985104192828	0.0945339802190662	0	0.122554196478766	0	0.0478386219940054	0	0	0	0.0399605876440928	0.0100316989820959	0.0183052568230962	0.0178285959055693	0.203533669272124	0.0400372284202022	0	0.0419806322684342	0.221883126814075	0	0	0	0.752104777252401	0.716906926767742
GSM3612398	0.0725636297503569	0.0144766356896307	0.0441342315639467	0.0787705914675083	0	0.206548667350868	0	0.0633729626513362	0.00363251079706353	0.000235937605767989	0	0.040379020089804	0.00800188167779906	0.0730924256251026	0.0622653325482245	0.231697247545152	0.00673847882710605	0	0.00682131111860985	0.0872691356917235	0	0	0	0.861466962190659	0.6675513618316
GSM3612399	0.0737412876825693	0	0.04082001390232	0.0684171446329276	0	0.153727882942118	0.00106926357736339	0.0431350099920874	0.00188433238259639	0.00486361685884785	0	0.0206846218276469	0	0.140635629791951	0.0379428746158656	0.25873678745806	0	0	0.0801776032407529	0.0741639310948937	0	0	0	0.853077193730281	0.668310929871368
GSM3612400	0.0647519008171081	0	0.157145480270458	0.0439505736081917	0	0.168879170063386	0.00588597765298231	0.0346075881553946	0.00565570418340041	0	0.00145596479760384	0.00985523093198136	0.00183316558871146	0.0297987249877842	0.0186168277170873	0.163496036463125	0.0129593003811441	0.00540798347822367	0.213245720124595	0.0482648573859114	0	0.0141897933929117	0	0.689497668940131	0.78275480082757
GSM3612401	0.0408339275123274	0	0.078789631981251	0.0658212371421694	0	0.159303745552541	0.0250351633115505	0.0455287599854014	0	0	0	0	0.0112657636497268	0.0456922020272498	0.0418320279417635	0.18047257872305	0.0247035063904737	0	0.0859933767027748	0.157135281165112	0	0.0375927979146088	0	0.822997998628149	0.691277655004727
GSM3612402	0.0470436601370425	0.0429706229774132	0.0632640292053886	0.151582096053887	0	0.150404978782986	0.0249470927020139	0.0836305584934345	0	0.0227272162610761	0	0.00110224265582782	0	0.115638382121595	0.0554416907470805	0.1427048740908	0.00554799649857049	0	0	0.0929472119270206	4.7347345863792e-05	0	0	0.857913001594937	0.67295772194696
GSM3612403	0.0251352321575712	0.0447659158161809	0.0566198555687239	0.128965288383473	0	0.133472819879654	0.0270928869865544	0.0877943745932356	0	0.0075233331176045	0	0.0707490841136034	0	0.112587096977122	0.0604778385920372	0.146382599861845	0	0	0	0.098433673952394	0	0	0	0.849636319938228	0.664080840112901
GSM3612404	0.0718166100344735	0.0572945062573602	0.0879664408827558	0.010599461194367	0.0139349485585314	0.127184768419777	0.0412333524034858	0.052696720062647	0.00515863200731447	0	0.025695565422298	0	0.011965719083573	0.0780999341547499	0.0263390558814607	0.242418246665788	0.0199750503963525	0	0	0.116970433829714	0.00760714972623201	0.00304340501911961	0	0.786694121492908	0.730539160774977
GSM3612405	0.0968904852134911	0	0.0849577819465949	0.0235862951557005	0.0246867525589503	0.0454807470908014	0.0226087252745946	0.0599204240258927	0.00646084946449378	0	0.00640259169617277	0.0216455835241345	0	0.167850631910923	0.044513263885968	0.248434672223362	0.00857996216924719	0	0.0446998882518679	0.0853708543522172	0	0.00791049125558819	0	0.778912701772213	0.71670358309766
GSM3612406	0.0350326260596073	0.000803137075119114	0.0353827365229532	0.0129821344713702	0	0.0842708355617687	0	0.0837610097726032	0.00545344759544112	0	0.032873517416159	0	0	0.154077262322791	0.0216482537197411	0.229386600907908	0	0.000973897163501501	0.152526619042627	0.145957991316822	0	0.00486993105158747	0	0.725339904845903	0.726774319545101
GSM3612407	0.0422767890582185	0	0.0337624428608833	0.0511598323085664	0.00862194844868129	0.124380837688056	0.0030393519905809	0.0531119722062113	0	0	0.0190513768083072	0.00605473052183694	0	0.137237247881318	0.0274050081798003	0.215564740687918	0.00320863785678785	0	0.164620020238942	0.110505063263891	0	0	0	0.820793151152407	0.673610182637075
GSM3612408	0.0538267602301025	0.0424788351499605	0.0495408119031892	0.0536215591453371	0	0.0961314940320806	0	0.0654909347514445	0	0.00445795731396782	0	0.0178782924020402	0.00739406415840355	0.160526418424205	0.0352264483300773	0.23085019144214	0.0073417524241999	0	0.0899237298702395	0.0853107504226125	0	0	0	0.61860653560076	0.806688484058124
GSM3612409	0.0545807874537376	0	0.0462562917743392	0.0413463956163385	0	0.162192104298732	0.019366531649684	0.0552592828386366	0	0.0067593480890466	0.00698859462718115	0	0.00719692531502642	0.109653112332055	0.0284793559692345	0.21104807124431	0.00703352136673854	0	0.0523396955832588	0.182275850076223	0	0.00922413176545837	0	0.862052052660851	0.647760353995002
GSM3612410	0.0963446406492505	0	0.0194763374889771	0.0798706105312601	0	0.0666504436148937	0	0.0978318639074134	0.00711043234454032	0.0326613856571199	0	0.0505565864700499	0.00962645391034112	0.0259567305467911	0.0308960743749542	0.327745639153684	0.0296238589488938	0	0	0.118756108970559	0.000440327848254763	0.00645250558301728	0	0.666923313766478	0.776976358462147
GSM3612411	0.0401870647644618	0.0173742640290631	0.0174458552979358	0.0748749888711407	0	0.0942950357677503	0	0.112288235968529	0	0.0385965442690306	0	0.0671642042775533	0.0169726333395937	0.0334630625486518	0.0332907022231081	0.292404370379236	0.0345460663013755	0	0.00447764965012038	0.104291529085025	0.0183277932274243	0	0	0.739107540253849	0.734728266105779
GSM3612412	0.0286725340292622	0.0510693832023795	0.0328475523935134	0.0848501504978568	0	0.144923665330766	0	0.0521616922865208	0.00354682331085047	0	0	0.0268978715647464	0.00628023462481898	0.0362802049383534	0.046470565542119	0.203795074548986	0.00954920858838696	0.00281246474532006	0.215500131947859	0.0543424424482616	0	0	0	0.819972282147962	0.692945592649799
GSM3612413	0.0339704113594184	0	0.0396306216880578	0.0631936679936839	0	0.125205431029306	0.00601551820470848	0.0309764318761013	0	0	0	0.0380558493806902	0.00708004953343151	0.0962158384529924	0.0408199031776641	0.181569830360292	0.0374666114387368	0	0.183571678518309	0.103144386712292	0	0.0130837702743152	0	0.858550541804629	0.652470808125187
GSM3612414	0.0601288766858791	0.00735967697592147	0.0981428242520078	0.0482867553216819	0	0.148270809399318	0	0.0414229674916682	0	0	0.02805187180022	0	0.000713861264741969	0.0414859818581255	0.02017152165216	0.259975264464405	0.00810552191271197	0	0.147070526048934	0.0889960483236588	0	0.00181749254856596	0	0.76992401760478	0.731076467522995
GSM3612415	0.0490515296970057	0	0.0430883592561904	0.090341918096512	0	0.190240444337122	0.000117312899475782	0.0202638809017454	0	0.0137050915162862	0	0.0223634104827877	0.0144190616216885	0.0341147701551061	0.0112901798138792	0.25887920183955	0.0588215895565031	0.00537508933150555	0.0157408484608888	0.164351750365844	0.00332844674911481	0.00450711491879531	0	0.899063490619091	0.632280170887721
GSM3612416	0.0647782044582193	0.00333176300617694	0.0769068251885486	0.049320422038703	0	0.0987880367123466	0.012285756334	0.0739133517864794	0.0148845989560302	0	0.0109990318705264	0.00108949324575304	0.0130932710335823	0.136879446678313	0.0294676481543922	0.20135863237178	0.0199838493599687	0	0.126717517764203	0.0617072028710451	0	0.00449494816993206	0	0.783357604252852	0.727054663219503
GSM3612417	0.0460425796548878	0.0526211902721567	0.0398980397663459	0.0953636956771228	0	0.0329557453493403	0.0231566040792166	0.0547936839828529	0	0.0136446238989794	0	0.0484638152056871	0.00921275183926148	0.103968972424459	0.0267441976071297	0.231587981450147	0.0167547061631712	0	0.0959173415254277	0.106156791543303	0	0.002717279560512	0	0.833424449504537	0.680435156872952
GSM3612418	0.0611796967023874	0	0.141337287980918	0.0159951462678595	0	0.0795837273234472	0	0.0307708562542021	0.0431955605444308	0	0.0268072462525075	0.00501357027854658	0.00257400456458623	0.0964513673858426	0.0153317021843992	0.199599013011279	0.00836227371500814	0.000466940997150091	0.273262750608314	0	0	6.88559291216549e-05	0	0.638555104073322	0.804227905245878
GSM3612419	0.0504471471896269	0	0.0340516066471016	0.0177182138294095	0	0.0960204430296484	0	0.0543592358930588	0.01612436765784	0	0	0.0274535109344125	0.00915536008788556	0.124457175393873	0.0161315183848766	0.259409888649794	0.0117681801896219	0	0.0614033040619692	0.195576174443905	0.000142580014054948	0.0257812935929216	0	0.768517630661027	0.69499975693388
GSM3612420	0.0326107017891184	0.0172785026562892	0.077116809849778	0.0351298303217629	0	0.0577329815731286	0	0.0761637018004967	0.0470033293032485	0.00128591609245116	0.00369750991364104	0	0	0.212242754692381	0.0309534065378172	0.260330374542233	0.0039187849575751	0	0	0.137721048302121	0	0.00681434766795873	0	0.79712343493909	0.684521425722722
GSM3612421	0.067907658725879	0.00945678143220625	0.043067692390391	0.0311387229947779	0.00963800930480833	0.117990633802692	0.0597087192880374	0.0695258157822159	0.000261945810595837	0.0175451469894517	0.00625336714731079	0.0146625736275098	0.00117709895401341	0.151213303930899	0.0552050554559129	0.214445886027647	0.0086680699593	0	0	0.122133518376352	0	0	0	0.886349435102999	0.645370272319486
GSM3612422	0.15542576114546	0.11473471977212	0.0835447823689762	0.073694711212914	0.00888091720561153	0.0743750586118584	0.0199258018974111	0.057950008084665	0	0	0.0206246725807141	0	0	0.138297004832555	0.0136173508498094	0.146571434041607	0.00560404074231743	0	0	0.0867537366539798	0	0	0	0.638194213452607	0.803599123481141
GSM3612423	0.114163677094403	0	0.116254489780548	0.116193386213124	0	0.0906444990899517	0	0.0874622290776383	0	0	0	0.0217826992498348	0.0155511082898412	0.0525363628655665	0.0113281368550871	0.176724559550239	0	0.00953778221856694	0	0.185172295748414	0.000208958009286744	0.00243981595749883	0	0.598449873657375	0.819277644043162
GSM3612424	0.0334721717943397	0.0259496802949363	0.0453047645677808	0.0566900806288999	0	0.133263010326683	4.85454043691667e-05	0.0792637964873344	0.00674793939967646	0	0.0225122717808235	0	0	0.145216013234242	0.0511719254929746	0.249649240770662	0.00709056208776148	0	0.0996910167521989	0.0439289809773181	0	0	0	0.637935408059494	0.799276938753341
GSM3612425	0.0450535321721433	0	0.0444760782934295	0.0675725414876939	0	0.18584122077671	0	0.0556063435586439	0	0	0	0.048885403070811	0.00807540089797367	0.088282909401954	0.0301503563087074	0.249173138194671	0.00696924545785464	0	0.0423114305103384	0.12760239986907	0	0	0	0.787299402972863	0.70462369811067
GSM3612426	0.0467347991044646	0.00677450813242831	0.0238257363522232	0.0432442578035372	0.0057691478589949	0.0218679595508085	0.0080580539699821	0.0704195748757094	0.0712542154832224	0	0.0162878901277864	0.00363154937461518	0	0.278605372602708	0.0238917079740452	0.229827416989271	0.0174615606993568	0	0.118279153981599	0.0140670951192472	0	0	0	0.847959588735634	0.649145796480171
GSM3612427	0.0655401209775976	0.0237401720772087	0.0243945208125512	0.0663073612391155	0	0.10367289263449	0	0.0668247415905498	0.00617039292285816	0	0	0.0480280673601869	0.00301342880370125	0.154759981519488	0.0244311016433329	0.212457916645436	0	0	0	0.200659301773484	0	0	0	0.815406408912392	0.664271927124876
GSM3612428	0.0331463757116404	0	0.115072179642302	0.0774030315523686	0	0.189747626095596	0.0333890639818143	0.037115676584641	0	0	0.0241065151863938	0.000755053131605859	0.0109356259083254	0.0305691949280994	0.0488560251330927	0.151841597491805	0.00927290202820447	0.00532269963902656	0.161668053396184	0.0624483978877518	0	0.00834998170114932	0	0.791232968275163	0.728804826307441
GSM3612429	0.0644823037752503	0	0.0841399119313705	0.0835869775180506	0	0.129215475832196	0	0.0575877318839781	0	0.00195811744221614	0	0.0420514619403376	0.00513056156134355	0.0185753903219232	0.0500854412892978	0.243466213728252	0.000356420739305932	0	0.149544782691457	0.0688539641724318	0	0.000965245172589682	0	0.81957912644814	0.702212503566242
GSM3612430	0.0509773449732402	0	0.156809709213502	0.0165994575016708	0.0231212167816946	0.0965679100959298	0.00485447450093501	0.0617741771510116	0	0	0.0205782292602073	0.00298508265338987	0.00454794798171369	0.0636848548615618	0.0146390639503499	0.20443610111264	0.026674786875882	0.0142004198189911	0.189624360152668	0.0367847278156475	0	0.0111401352989647	0	0.560134347714794	0.84769396510291
GSM3612431	0.0800445049480653	0	0.118777763110992	0.0416518821425267	0.000790464981358099	0.0650373723104405	0	0.0841638777472428	0	0.0103580391590089	0	0.0367752327386886	0	0.103738185898014	0.0219455471933413	0.214641240821714	0.00317908901846606	0	0.0677142317375576	0.151182568192585	0	0	0	0.766344995907815	0.722542534278769
GSM3612432	0.153603250984294	0	0.0284383542549112	0.0568275855085342	0.0252806035526288	0	0	0.0891634692325146	0.0259377271355454	0.0541087761360022	0	0.0240075746492361	0	0.00666193235631269	0.0216957591638511	0.251076239311729	0.00764935935497555	0	0.177675357876523	0.0691647549679592	0	0.00870925551498308	0	0.720761045113786	0.752297486331901
GSM3612433	0.117079279868346	0.0191886648455625	0.070577015079736	0.0458826317300585	0	0.0965877516931219	0	0.0813977901292084	0	0	0	0.0575144407671592	0.00330289101698102	0.0309311383363731	0.00871087978298292	0.164462601948443	0	0.00113885022790636	0.243240021764022	0.0599860428100989	0	0	0	0.658354909435971	0.783750401115238
GSM3612434	0.0734161466423761	0	0.0689816416159339	0.0720912692791986	0.00708985338760662	0.170173072568887	0.00172543529874818	0.043790910702277	0	0	0	0.0424811153565353	0.0101692673854641	0.0692772061727403	0.0236109112527348	0.221908243055004	0.0193098465927715	0	0.143170911032188	0.0298334885849008	0	0.00297068107263376	0	0.821154977133592	0.71056638335965
GSM3612435	0.0363753235389714	0.02180592163943	0.0657390665070822	0.0654095295997423	0	0.217466946664027	0.0082607356918929	0.0458860853759432	0	0	0	0.0364283292537031	0.0105885869097648	0.0329574528957518	0.029863639317328	0.175567988069555	0.040090025065602	0	0	0.213560369471206	0	0	0	0.858425574457765	0.652150738422024
GSM3612436	0.150997011553792	0.113779914225453	0.0425257611506832	0.0742930691956026	0.0446094970470838	0.144164487074756	0.0528231153039723	0.00397618968287386	0	0	0.019773197082271	0	0	0.0700178195004174	0.0587657530845938	0.122620086074177	0.0142194149885832	0	0.0808524002739044	0.00658228376183624	0	0	0	0.864023788077755	0.689102007324265
GSM3612437	0.0741766500887252	0.132354396718182	0.00764619161756862	0.0735281451471224	0	0.186562116573091	0.0618883351266257	0.0486506138239416	0	0.00191996106419982	0.0338396658535474	0	0	0.0696506234715247	0.0392298620594468	0.169743661007942	0.0154682058187164	0	0	0.0815318430505707	0	0.00380972857879453	0	0.860510070537053	0.680081740829692
GSM3612438	0.0331792403694328	0.0123384894116119	0.0560797767074728	0.0272208880727106	0	0.171127073479892	0	0.0493697810512515	0.0275162738888582	0	0.00116928290474468	0.0106588137700411	0	0.140943989931984	0.0236814291459285	0.223793097621018	0.00146329030694467	0	0.100465104227234	0.115653249611472	0	0.00534021949940393	0	0.80234983821342	0.69580848937293
GSM3612439	0.0539744123783104	0	0.081266734943669	0.0393524562464285	0	0.118580319327392	0	0.0734238224053289	0	0	0	0.0178870991081714	0	0.128801728290844	0.027895933232459	0.178050410593562	0	0	0.163211387767501	0.117555695706334	0	0	0	0.806797745488715	0.690362941863743
GSM3612440	0.0249511992511912	0.00893041629049537	0.049095310558775	0.0728979011067678	0	0.11415133826192	0	0.0775175426050309	0.0126824839684309	0	0	0.0630303830415396	0.0280311109698281	0.0417383073391874	0.0369921987089174	0.155945078938617	0.0108907794830864	0	0.189207371795328	0.105019453772659	0	0.00891912390822549	0	0.743311179726837	0.728528125673127
GSM3612441	0.0300827321877725	0	0.0229351856117987	0.0382491676862259	0	0.0550824154410818	0	0.0593924418167056	0.0173853469630118	0.0158219659827208	0	0.0267171839582061	0.0119434788971271	0.0567615649641971	0.0165753312707994	0.147343468555755	0.00583252028190052	0.00165138533132431	0	0.458906091741344	0	0.0353197193100292	0	0.845649215604443	0.560273811477395
GSM3612442	0.105622758623374	0.0129411914289083	0.0232201150093147	0.0761323810385136	0	0.202575692127845	0.0557999962283289	0.0575772273592781	0	0	0	0.0290736415646915	0.0132701288471577	0.0471396451147747	0.0293540610097503	0.181136084637303	0.0317476666264774	0.00703880375417346	0.101048737197811	0.0263218694322975	0	0	0	0.787125960293737	0.731649357104302
GSM3612443	0.0583645815587681	0.0483393157166131	0.038585058011236	0.118621003882194	0.037298319288829	0.197642161523538	0.0492533787852529	0.0362903696541753	0	0	0	0.0477425609690147	0.00917166466330719	0.0277487560170419	0.0421855725805425	0.158907547680959	0.0149439626975132	0	0.0242420975194023	0.0906636494516127	0	0	0	0.855048737850375	0.671333956585041
GSM3612444	0.0651430335166204	0	0.112055360180134	0.0669269618294739	0	0.0830285284564622	0.019036796101889	0.0792070112024488	0.00158344749833577	0	0	0.0407077505486409	0.00546094064248931	0.101560521447316	0.0685066351806542	0.218843552791962	0.0173946537236565	0	0.0551185444858982	0.0633776335846267	0	0.00204862880939235	0	0.779400102630641	0.732797183729263
GSM3612445	0.0758296700625175	0	0.085393878010906	0.0839803736927368	0.00945936522545309	0.0523088071970736	0.00865911082521637	0.0608947159596539	0.00476474875646808	0	0	0.0395061657480086	0.0096257245212199	0.0649967817717037	0.0692809704682542	0.26326377800876	0.0172086001218679	0	0.0417317412223754	0.112940741609113	0	0.000154826798671528	0	0.778784786236092	0.72050963783245
GSM3612446	0.0295867341175932	0	0.0570769856171788	0.0663864219365035	0	0.0494441523523714	0.00480837555034328	0.0637108731572181	0.0207926469679094	0	0.00241435361495912	0.0225020060145214	0.00264470787090599	0.0439193510824343	0.0297197010201142	0.278386351088683	0.00601528883940612	0	0.294962814509662	0.0129773162998265	0	0.0146519199603694	0	0.750896772585373	0.727269856767861
GSM3612447	0.069776428334089	0	0.0574027458547687	0.0569681479528401	0	0.0804207482678016	0	0.0753407521026279	0.00164612276811447	0.0168391478962301	0	0.0390550165866275	0	0.0737968726535997	0.0507952310590812	0.272084863305794	0.000666835345986457	0	0.0541619942852519	0.139366370291372	0	0.0116787232958155	0	0.772765460704755	0.713549401768374
GSM3612448	0.0677819670161155	0	0.153457799315843	0.06332638135192	0	0.0913977629394203	0.0268635112279254	0.0573940079186889	0.007644501273825	0.00398673214799132	0.0101162364213477	0	0.00146687010465425	0.119556032515808	0.0365594289665408	0.222288363859145	0.0306914645827995	0	0.0887015206112859	0.0187674197466897	0	0	0	0.591038892491362	0.835812182107769
GSM3612449	0.0685384032154889	0	0.0909086416098869	0.104200434620989	0	0.0937618394814937	0	0.0882868419923516	0.00233587137028749	0.00326914761701312	0	0.0843547897978903	0.0114202466649979	0.0176122454328496	0.0451531313441277	0.221368466190903	0.0278370987241769	0	0.0742699034204878	0.0666829385170567	0	0	0	0.763155365219447	0.735856858580584
GSM3612450	0.0532746550237226	0	0.0767332292243458	0.0670206670707087	0	0.179798067413216	0	0.0380316064729022	0.0075050579167014	0	0	0.0480764257110285	0	0.0405458696301496	0.0365388929130339	0.222590601401078	0.0230638906265641	0	0.119887932636556	0.0809940727272541	0	0.00593903123273948	0	0.772458095864434	0.729338692955031
GSM3612451	0.0680238187947916	0.0722098866682881	0.0819274955126836	0.145837369792704	0.0498148907425155	0.135123873226445	0	0.0382541692022409	0	0	0	0.0467858847589795	0.00905769914450563	0.00596952821528925	0.0214833194813906	0.206266139818312	0.0154125316299527	0	0.0594250483717623	0.0444083446401396	0	0	0	0.778384380584391	0.730717445020374
GSM3612452	0.0588824734748534	0	0.0330801434485847	0.040935730641334	0	0.156733170676292	0	0.0519972821041019	0	0.0215747105437594	0	0.0510010182340549	0	0.237323320079734	0.0467965568891635	0.204274334324791	0	0	0	0.0933729008932841	0	0.00402835869004738	0	0.883077919791738	0.619459396755326
GSM3612453	0.0351554159633836	0.00925712437146366	0.0464165374123886	0.0930169789267546	0	0.0362531022123374	0	0.0873601626640532	0.0192325410779451	0.00458582277578452	0	0.0456298729131507	0.00239086775182777	0.227191537996096	0.0352876026328432	0.213390921256471	0.0137043440390409	0	0	0.13112716800646	0	0	0	0.821800274991708	0.663014130077541
GSM3612454	0.0526715625326285	0.104718206264147	0.02600819239425	0.0748120410459745	0	0.17477072481624	0.00451759182898544	0.0547613506194713	0.0237094144930203	0	0.0164950202069259	0.0244167284993769	0.00472950704904487	0.114684945093517	0.0565796718876694	0.159117009645446	0.0128738099267717	0	0.0516348100450549	0.0434994136514759	0	0	0	0.882457305077439	0.668021007716529
GSM3612455	0.105515740800288	0.0681561602682898	0.0365716581756884	0.0399049160685071	0.00306087625873307	0.220912720150746	0.0457891403246789	0.0540482589885062	0	0	0.0177046953209049	0.00383417803685193	0.00456115957141782	0.103843116422981	0.0461062343395211	0.161572831602892	0.00152776757706817	0.00102665755221886	0.0101064648989941	0.0757574236417136	0	0	0	0.868341293074517	0.677399780123889
GSM3612456	0.0554069327285588	0.0828501980783776	0.0252312509713129	0.0684680141553191	0.0220353424268381	0.162262665146903	0.0126992316503755	0.0585495876218157	0	0	0.0048088298869393	0.0344894188449832	0.0213494048841001	0.0435913599155657	0.019560302237496	0.129288740385198	0.0196385409477175	0	0.187027911666947	0.0527422684515528	0	0	0	0.77942590703139	0.724422972641864
GSM3612457	0.0658284662578231	0	0.0743840178496383	0.0500740006714443	0	0.140287364079189	0	0.0843203554981676	0	0	0	0.0377884299139871	0	0.0323592826515641	0.0127058234010257	0.158121613678466	0.00658047114971425	0.000447275374801685	0.242370363597656	0.093875011157912	0	0.000857524718610505	0	0.743809702202722	0.726449299982754
GSM3612458	0.0323011111859228	0	0.0294768837291879	0.0243275892793685	0	0.136703954191825	0	0.0466398757580897	0.00543520232640342	0.0286979958549658	0.000584379091678665	0	0	0.185532178012486	0.0369913528737287	0.368694149794669	0.00434196853108682	0	0.00239962081058684	0.0858756490262564	0	0.0119980895337438	0	0.689149488086735	0.749170400647559
GSM3612459	0.0430097302474313	0	0.0355498432296394	0.0226288861538848	0	0.181466806176947	0	0.0394096389787362	0.00113604774444393	0.00995771885517266	0	0.012578131500905	0	0.108900562851298	0.0289681800728849	0.279528161819197	0.000586941296114813	0	0	0.226556754222577	0	0.0097225968507672	0	0.799845753918839	0.671799348769298
